  2.4505000e-001
  1.0798000e-001
  6.2456000e-002
  1.9585000e-001
  2.0606000e-001
  2.4321000e-002
  1.4942000e-001
  2.6465000e-001
  1.0914000e-001
  1.2176000e-001
  2.1001000e-001
  3.4261000e-001
  2.2475000e-001
  1.4626000e-001
  1.5521000e-001
  1.5577000e-001
  1.2718000e-001
  2.7867000e-001
  1.3824000e-001
  5.7836000e-002
 -4.0838000e-002
  2.2541000e-001
  1.7402000e-001
  1.5089000e-001
  1.3604000e-001
  5.3599000e-002
  9.6575000e-002
  1.8748000e-001
  2.0673000e-001
  1.9614000e-001
  7.7595000e-002
  1.8491000e-002
  1.9886000e-001
 -3.3842000e-002
  2.0695000e-001
  1.7584000e-001
 -6.2235000e-003
  4.0434000e-002
  5.2822000e-002
  1.2670000e-001
  1.2409000e-001
  1.4365000e-001
  1.4842000e-001
  2.0587000e-001
  2.6782000e-001
  2.4866000e-001
  3.8690000e-002
  1.5203000e-001
  9.1528000e-002
  1.0014000e-001
  1.4726000e-001
  1.8938000e-001
  9.2486000e-002
  1.9336000e-001
  1.1789000e-001
  1.6208000e-001
  2.6620000e-001
  1.6750000e-001
  1.6656000e-001
  1.2562000e-001
  8.6443000e-002
  2.3827000e-001
  2.4899000e-001
  2.9721000e-001
  2.8225000e-001
  2.4471000e-001
  1.8602000e-001
  2.5757000e-001
  9.8230000e-002
  1.8004000e-001
  1.3359000e-001
  2.3665000e-001
  2.9561000e-001
  3.6001000e-002
  1.4963000e-001
  1.4084000e-001
  7.7276000e-002
  2.7718000e-001
  2.7230000e-001
  1.7294000e-001
  9.0973000e-002
  1.8696000e-001
  1.7928000e-001
  7.3362000e-002
 -3.6589000e-002
  1.2475000e-001
  1.3924000e-001
 -2.3035000e-002
  9.9091000e-002
  6.1435000e-002
  1.9779000e-001
  2.1051000e-001
  8.6924000e-002
  1.6599000e-001
  3.2527000e-001
  8.4091000e-002
  2.7745000e-001
  3.8894000e-002
  1.6427000e-001
  1.9620000e-001
  5.0106000e-002
  8.2707000e-002
  2.5341000e-001
  1.2781000e-001
  4.1783000e-001
  1.4795000e-001
  1.3344000e-001
  2.0368000e-001
  3.1367000e-001
  2.0761000e-001
  2.6882000e-001
  1.2951000e-001
  8.2396000e-002
  7.9616000e-002
  8.2672000e-002
  2.6540000e-001
  1.1250000e-001
  1.7252000e-001
  1.6459000e-001
  3.3023000e-001
  1.2325000e-001
  1.9437000e-001
  1.1851000e-001
  1.9434000e-001
  2.7732000e-001
  1.8835000e-001
  2.2965000e-001
  1.4652000e-001
  3.5245000e-001
  1.5870000e-001
  1.7477000e-001
  2.8892000e-001
  2.1300000e-001
  2.1780000e-001
  2.3918000e-002
  1.2104000e-001
  1.7737000e-001
  2.0214000e-001
  2.3062000e-001
  7.0386000e-003
  1.6349000e-001
  8.3348000e-002
  1.0126000e-001
  1.9784000e-001
  1.7957000e-001
  4.1983000e-001
  5.1952000e-002
 -9.1130000e-002
  1.1877000e-001
  1.4107000e-001
  3.0578000e-002
  2.2088000e-001
  2.1582000e-001
  2.2192000e-001
  3.0914000e-001
  1.8080000e-001
  2.0953000e-001
  6.8290000e-002
  2.1274000e-001
  2.2462000e-001
  1.4197000e-001
  2.9317000e-001
  2.5110000e-001
  3.3018000e-002
  1.7163000e-001
  1.1782000e-001
  2.3896000e-001
  3.8237000e-002
  2.4403000e-001
  3.7128000e-002
  4.3034000e-002
  1.7841000e-001
  3.1907000e-001
  1.2486000e-001
  2.1886000e-001
  1.0056000e-001
  2.9431000e-001
  2.9253000e-002
  2.3515000e-001
  5.5469000e-001
  2.2061000e-001
  1.3452000e-002
  1.3791000e-001
  2.3211000e-001
  1.3536000e-001
  1.0827000e-001
  7.0959000e-002
  1.7464000e-001
  1.2272000e-001
  1.1913000e-001
  7.9999000e-002
  6.2415000e-004
  8.3336000e-002
  2.0750000e-001
  9.2957000e-002
  2.4608000e-001
  1.6472000e-001
  2.2098000e-002
  1.9873000e-001
  1.4052000e-001
  1.1943000e-001
  4.3265000e-002
  1.4970000e-001
  2.1889000e-002
  1.7820000e-001
  2.0126000e-001
  1.7372000e-001
  6.5856000e-002
  1.5993000e-001
  1.4651000e-002
  1.8311000e-001
  3.2347000e-001
  1.1265000e-001
  9.2854000e-002
  7.5036000e-002
  1.4001000e-001
  1.6139000e-001
  1.4802000e-001
  1.3069000e-001
  6.9735000e-002
  9.4328000e-002
  3.9238000e-001
  1.9648000e-001
  8.0124000e-002
  1.1568000e-001
  4.2489000e-002
  2.5839000e-001
  3.8325000e-001
  3.6393000e-002
  1.9501000e-001
  1.0348000e-001
  1.1047000e-001
  1.3286000e-001
  2.5136000e-001
  6.2999000e-002
  2.8507000e-001
  1.8185000e-001
  1.8972000e-001
  1.4677000e-001
  1.6103000e-001
  1.0732000e-001
  1.6960000e-001
  1.0303000e-001
  1.6869000e-001
  2.6340000e-001
  8.5949000e-002
  1.2442000e-001
  2.1718000e-001
  6.8604000e-002
  1.6224000e-001
  2.3168000e-001
  3.1452000e-001
  1.1452000e-001
  1.1098000e-001
  3.1727000e-001
  2.4767000e-001
  2.6754000e-002
  8.2171000e-002
  1.9098000e-001
  3.6157000e-002
  2.5118000e-001
  1.5462000e-001
  2.1406000e-001
  1.4802000e-001
  1.5198000e-001
  9.4515000e-002
  8.9321000e-002
  1.1529000e-001
  6.7929000e-002
  2.7841000e-001
  1.7241000e-001
  2.0843000e-001
  2.0439000e-001
  2.0901000e-001
  8.3499000e-002
  1.8565000e-001
  1.9468000e-001
  7.4726000e-002
  8.9035000e-002
  2.5978000e-001
  2.1070000e-001
  2.3920000e-001
  1.4800000e-002
  5.8509000e-002
  2.2827000e-001
  2.5231000e-001
  7.3134000e-002
  2.2454000e-001
  4.5098000e-002
  1.7876000e-001
  1.3520000e-001
  2.9813000e-001
  5.9776000e-002
  1.7706000e-001
  1.8625000e-001
  2.0449000e-001
  1.3508000e-001
  1.2369000e-001
  1.2252000e-001
  1.5910000e-001
  6.3446000e-002
  2.4907000e-001
  1.2240000e-001
  8.5194000e-002
  9.2525000e-002
  9.2342000e-002
 -4.7980000e-002
  2.3930000e-001
  2.4067000e-001
  6.2821000e-002
  2.6167000e-001
  1.5279000e-001
  6.9562000e-002
  9.8958000e-002
  1.2382000e-001
  9.7262000e-002
  1.1975000e-001
  1.6545000e-001
  1.8209000e-001
  1.9735000e-001
  3.6232000e-002
 -1.2726000e-002
  2.4193000e-001
  2.4823000e-001
  2.4702000e-002
  1.9242000e-001
  2.3505000e-001
  1.1498000e-001
  3.8766000e-002
  3.3763000e-001
  9.7314000e-002
  3.3301000e-001
  1.6481000e-001
  4.1520000e-002
  2.4054000e-001
  1.7174000e-001
  1.4374000e-001
  1.6814000e-001
  2.5525000e-001
  1.0659000e-001
  1.8610000e-001
  1.9182000e-001
  1.9465000e-001
  1.2981000e-001
  2.8485000e-001
  1.8691000e-001
  3.7903000e-002
  1.2981000e-001
  1.0984000e-001
  1.5676000e-001
  1.7715000e-001
  5.1446000e-002
  5.0641000e-002
  1.4340000e-001
  1.6804000e-001
  1.6265000e-001
  7.9476000e-002
  1.1946000e-001
  5.9462000e-002
  1.4790000e-001
  3.2969000e-002
  1.1797000e-001
  1.7480000e-001
  8.5146000e-002
  1.7235000e-001
  2.5802000e-001
  1.9714000e-001
  2.3970000e-001
  1.8083000e-001
  2.2546000e-001
  1.3174000e-001
  1.9935000e-001
  9.7167000e-002
  2.5900000e-001
  8.6306000e-003
  1.7730000e-001
  1.6457000e-001
  2.3734000e-001
  2.5362000e-001
  9.4318000e-002
  2.4473000e-001
  7.3864000e-002
  8.9594000e-002
  1.9494000e-001
  2.1917000e-001
  1.4715000e-001
  1.8924000e-002
  1.9162000e-001
  2.5980000e-001
  1.9292000e-002
  5.3994000e-002
  1.9357000e-001
  1.1318000e-001
  1.2084000e-001
  1.1482000e-001
  3.7200000e-001
  3.4904000e-002
  3.2279000e-001
  2.1791000e-001
  2.1236000e-001
  3.7555000e-001
  1.1397000e-001
  2.1964000e-001
  1.8804000e-001
  1.9573000e-001
  8.0803000e-002
  2.1579000e-001
  2.7229000e-001
  2.5015000e-001
  1.9869000e-001
  1.4405000e-001
  1.1057000e-001
  3.7317000e-001
  7.5229000e-001
  5.1370000e-001
  1.3844000e-001
  6.6999000e-001
  7.8995000e-001
  7.5319000e-001
  5.8425000e-001
  4.0986000e-001
  2.2090000e-001
  2.0458000e-001
  2.9727000e-001
  1.5657000e-001
  2.0192000e-001
  1.6911000e-001
  1.8328000e-001
  3.7399000e-001
  2.0983000e-001
  2.7162000e-001
  1.5341000e-001
  2.5816000e-001
  2.2456000e-001
  1.4081000e-001
  6.1293000e-001
  5.3431000e-001
  3.4622000e-001
  1.5272000e-001
  6.0475000e-001
  4.5608000e-001
  5.8250000e-001
  6.0581000e-001
  2.1710000e-001
  1.4865000e-001
  1.9580000e-001
  4.6041000e-001
  4.7217000e-001
  5.7169000e-001
  4.3848000e-001
  3.2996000e-002
  2.1478000e-001
  1.7455000e-001
 -5.1034000e-003
  2.1579000e-001
  2.3693000e-001
  1.3656000e-001
  3.0457000e-001
  1.4101000e-001
  1.2906000e-001
  8.7256000e-002
  2.2603000e-001
  2.3092000e-001
